"nodeID"	"nodeLabel"	"latitude"	"longitude"	"year"
1	"Akabane"	35.778056	139.720833	1885
2	"Akabane-Iwabuchi"	35.783333	139.722222	1991
3	"Akabanebashi"	35.655003	139.743617	2000
4	"Akasaka"	35.672363	139.736534	1972
5	"Akasaka-mitsuke"	35.677021	139.737047	1938
6	"Akebonobashi"	35.692402	139.722881	1980
7	"Akihabara"	35.69824	139.773731	1890
8	"Aoyama-itchome"	35.672922	139.724278	1938
9	"Asakusa"	35.711944	139.798333	1927
10	"Asakusabashi"	35.697	139.786	1932
11	"Awajicho"	35.695434	139.767575	1956
12	"Ayase"	35.762214	139.824914	1979
13	"Azabu-Juban"	35.654682	139.737051	2000
14	"Bakuro-yokoyama"	35.69212	139.782768	1978
15	"Baraki-nakayama"	35.7032	139.941876	1969
16	"Chikatetsu-Akatsuka"	35.769939	139.644021	1983
17	"Chikatetsu-Narimasu"	35.776557	139.631497	1983
18	"Daimon"	35.656785	139.75466	1964
19	"Ebisu"	35.646643	139.710045	1901
20	"Edogawabashi"	35.709481	139.733538	1974
21	"Funabori"	35.683732	139.864333	1983
22	"Gaienmae"	35.670527	139.717857	1938
23	"Ginza"	35.67123	139.765	1934
24	"Ginza-itchome"	35.674346	139.767047	1974
25	"Gokokuji"	35.718991	139.727573	1974
26	"Gotanda"	35.625855	139.72374	1911
27	"Gyotoku"	35.682558	139.914235	1969
28	"Hakusan"	35.72133	139.752078	1972
29	"Hamacho"	35.688516	139.788154	1978
30	"Hamamatsucho"	35.65523	139.757627	1909
31	"Hanzomon"	35.685692	139.741657	1982
32	"Harajuku"	35.669444	139.7025	1906
33	"Hasune"	35.784174	139.67904	1968
34	"Hatchobori"	35.671327	139.780703	1963
35	"Heiwadai"	35.759	139.654	1983
36	"Hibiya"	35.675114	139.759765	1964
37	"Higashi-Ginza"	35.669464	139.767253	1963
38	"Higashi-Ikebukuro"	35.725228	139.720194	1974
39	"Higashi-Koenji"	35.697802	139.657822	1964
40	"Higashi-Nakano"	35.706	139.686	2000
41	"Higashi-Ojima"	35.690347	139.84596	1978
42	"Higashi-Shinjuku"	35.697922	139.707631	2000
43	"Higashi-nihombashi"	35.692126	139.784821	1962
44	"Hikarigaoka"	35.758526	139.628603	1991
45	"Hikawadai"	35.749822	139.665023	1983
46	"Hiroo"	35.652279	139.722227	1964
47	"Hon-Komagome"	35.724155	139.753828	1996
48	"Honancho"	35.683496	139.656498	1962
49	"Hongo-Sanchome"	35.706671	139.759914	1972
50	"Honjo-azumabashi"	35.708599	139.804652	1960
51	"Ichigaya"	35.691111	139.735556	1895
52	"Ichinoe"	35.686055	139.882934	1986
53	"Iidabashi"	35.701944	139.745	1928
54	"Ikebukuro"	35.730278	139.711389	1903
55	"Inaricho"	35.711352	139.782734	1927
56	"Iriya"	35.720734	139.784542	1962
57	"Itabashi-honcho"	35.761339	139.705535	1968
58	"Itabashi-kuyakushomae"	35.751326	139.710166	1968
59	"Iwamotocho"	35.695534	139.775866	1978
60	"Jimbocho"	35.695492	139.75812	1972
61	"Kachidoki"	35.658507	139.776442	2000
62	"Kagurazaka"	35.703904	139.734238	1964
63	"Kamiyacho"	35.662978	139.745069	1964
64	"Kanamecho"	35.733199	139.698994	1983
65	"Kanda"	35.691731	139.771264	1919
66	"Kasai"	35.663618	139.872486	1969
67	"Kasuga"	35.709637	139.753261	1957
68	"Kasumigaseki"	35.673838	139.750899	1958
69	"Kayabacho"	35.679752	139.780005	1963
70	"Kiba"	35.669457	139.806528	1967
71	"Kikukawa"	35.688379	139.806016	1978
72	"Kinshicho"	35.696	139.814	1984
73	"Kita-Ayase"	35.777053	139.832035	1979
74	"Kita-Senju"	35.749407	139.805102	1962
75	"Kitasando"	35.678611	139.705278	2008
76	"Kiyosumi-shirakawa"	35.682105	139.798851	2000
77	"Kodenmacho"	35.690737	139.778433	1962
78	"Kojimachi"	35.683933	139.737683	1974
79	"Kokkai-gijido-mae"	35.67393	139.745219	1959
80	"Kokkai-gijidomae"	35.67393	139.745219	1959
81	"Kokuritsu-Kyogijo"	35.680059	139.714127	2000
82	"Komagome"	35.736289	139.746995	1910
83	"Korakuen"	35.707337	139.7512	1972
84	"Kotake-Mukaihara"	35.743808	139.678566	1983
85	"Kudanshita"	35.695352	139.75141	1964
86	"Kuramae"	35.703236	139.790931	1960
87	"Kyobashi"	35.6765	139.77	1932
88	"Machiya"	35.7424	139.7816	1969
89	"Magome"	35.596435	139.711772	1968
90	"Meguro"	35.633983	139.716	1923
91	"Meiji-Jingumae"	35.668449	139.705351	1972
92	"Mejiro"	35.720995	139.70688	1885
93	"Minami-Asagaya"	35.699624	139.63576	1961
94	"Minami-Gyotoku"	35.672687	139.902311	1981
95	"Minami-Senju"	35.733336	139.799171	1962
96	"Minami-Sunamachi"	35.668796	139.83065	1969
97	"Minowa"	35.729528	139.79133	1962
98	"Mita"	35.64818	139.748775	1964
99	"Mitsukoshimae"	35.684551	139.774611	1932
100	"Mizue"	35.693318	139.89761	1986
101	"Monzen-Nakacho"	35.671984	139.795787	1967
102	"Morishita"	35.68796	139.797042	1978
103	"Motohasunuma"	35.768782	139.702324	1968
104	"Motoyawata"	35.720837	139.927441	1989
105	"Myoden"	35.691613	139.925017	2000
106	"Myogadani"	35.717305	139.736734	1972
107	"Nagatacho"	35.678747	139.74026	1974
108	"Naka-Meguro"	35.644306	139.699187	1964
109	"Nakai-Station"	35.715065	139.687264	2000
110	"Nakano"	35.706111	139.665556	1966
111	"Nakano-Sakaue"	35.69792	139.68291	2000
112	"Nakano-fujimicho"	35.690514	139.666933	1961
113	"Nakano-sakaue"	35.69792	139.68291	1961
114	"Nakano-shimbashi"	35.692123	139.673997	1961
115	"Nakanobu"	35.605479	139.713679	1968
116	"Nakaokachimachi"	35.706555	139.776202	1962
117	"Nerima"	35.737778	139.653568	1997
118	"Nerima-Kasugacho"	35.751135	139.641058	1991
119	"Nezu"	35.717373	139.765741	1969
120	"Nihombashi"	35.682199	139.774579	1934
121	"Nijubashimae"	35.680366	139.761615	1971
122	"Ningyocho"	35.686307	139.782277	1962
123	"Nippori"	35.727588	139.770781	1905
124	"Nishi-Funabashi"	35.707	139.959	1969
125	"Nishi-Kasai"	35.664528	139.85937	1979
126	"Nishi-Nippori"	35.732135	139.766787	1969
127	"Nishi-Ojima"	35.689349	139.826206	1978
128	"Nishi-Shinjuku"	35.694298	139.692778	1966
129	"Nishi-Shinjuku-gochome"	35.689798	139.684304	2000
130	"Nishi-Sugamo"	35.743508	139.728712	1968
131	"Nishi-Takashimadaira"	35.791938	139.64589	1976
132	"Nishi-Waseda"	35.707222	139.709167	2008
133	"Nishi-magome"	35.586859	139.705942	1968
134	"Nishidai"	35.78699	139.673971	1968
135	"Nishigahara"	35.745902	139.742302	1991
136	"Nogizaka"	35.666572	139.726215	1972
137	"Ochanomizu"	35.699722	139.763889	1956
138	"Ochiai"	35.710742	139.686339	1966
139	"Ochiai-Minami-Nagasaki"	35.723608	139.683303	2000
140	"Ogawamachi"	35.69505	139.76668	1980
141	"Ogikubo"	35.704722	139.62	1962
142	"Oji"	35.7525	139.738056	1991
143	"Oji-Kamiya"	35.765172	139.735933	1991
144	"OjimaStation"	35.689905	139.83565	1978
145	"Okachimachi"	35.707327	139.774847	1925
146	"Omotesando"	35.665148	139.712521	1938
147	"Onarimon"	35.661215	139.751535	1964
148	"Osaki"	35.619375	139.728627	1901
149	"Oshiage"	35.711	139.8133	1960
150	"Otemachi"	35.684801	139.766086	1956
151	"Otsuka"	35.731438	139.728692	1903
152	"Roppongi"	35.662778	139.731389	1964
153	"Roppongi-itchome"	35.665595	139.739	2000
154	"Ryogoku"	35.695739	139.793956	2000
155	"Sakuradamon"	35.677352	139.751775	1974
156	"Sendagi"	35.725549	139.763243	1969
157	"Sengakuji"	35.638689	139.740019	1968
158	"Sengoku"	35.727957	139.744792	1972
159	"Senkawa"	35.738418	139.689157	1983
160	"Shibakoen"	35.654071	139.749838	1973
161	"Shibuya"	35.658514	139.70133	1885
162	"Shimbashi"	35.666301	139.758679	1909
163	"Shimo"	35.777948	139.732599	1991
164	"Shimura-sakaue"	35.775725	139.69538	1968
165	"Shimura-sanchome"	35.777483	139.685903	1968
166	"Shin-Egota"	35.732538	139.670653	2000
167	"Shin-Itabashi"	35.748802	139.719604	1968
168	"Shin-Koenji"	35.697985	139.648068	1961
169	"Shin-Nakano"	35.697491	139.66903	1961
170	"Shin-Ochanomizu"	35.698072	139.766014	1969
171	"Shin-Okachimachi"	35.707055	139.78194	2000
172	"Shin-Okubo"	35.6957	139.7002	1914
173	"Shin-Otsuka"	35.725793	139.729915	1972
174	"Shin-Takashimadaira"	35.790294	139.654267	1976
175	"Shin-kiba"	35.645912	139.826833	1988
176	"Shinagawa"	35.628157	139.739099	1872
177	"Shinjuku"	35.690278	139.700556	1885
178	"Shinjuku-Nishiguchi"	35.693315	139.699155	2000
179	"Shinjuku-gyoenmae"	35.688588	139.71069	1959
180	"Shinjuku-sanchome"	35.690614	139.706267	1959
181	"Shinozaki"	35.706017	139.903698	1986
182	"Shintomicho"	35.669	139.775	1980
183	"Shiodome"	35.662794	139.759839	2002
184	"Shirokane-Takanawa"	35.643184	139.734129	2000
185	"Shirokane-dai"	35.638003	139.726322	2000
186	"Suehirocho"	35.702972	139.771713	1930
187	"Sugamo"	35.733345	139.739496	1968
188	"Suidobashi"	35.702	139.754	1972
189	"Suitengumae"	35.6826	139.7852	1990
190	"Sumiyoshi"	35.689071	139.815651	1971
191	"Tabata"	35.737909	139.761254	1896
192	"Takadanobaba"	35.712778	139.703889	1910
193	"Takanawadai"	35.631679	139.730305	1968
194	"Takaracho"	35.675461	139.771767	1963
195	"Takashimadaira"	35.788833	139.661172	1968
196	"Takebashi"	35.690662	139.756817	1966
197	"Tamachi"	35.645605	139.7477	1909
198	"Tameike-Sanno"	35.673621	139.741419	1997
199	"Tatsumi"	35.645566	139.810526	1988
200	"Tawaramachi"	35.709855	139.7908	1927
201	"Tocho-mae"	35.690551	139.69257	2000
202	"Todai-mae"	35.717633	139.758025	1996
203	"Togoshi"	35.614719	139.716398	1968
204	"Tokyo"	35.680833	139.766944	1914
205	"Toranomon"	35.670236	139.749832	1938
206	"Toshimaen"	35.742073	139.649194	1997
207	"Toyocho"	35.669629	139.817596	1967
208	"Toyosu"	35.654908	139.79621	1988
209	"Tsukiji"	35.668115	139.772603	1963
210	"Tsukijishijo"	35.664895	139.766915	2000
211	"Tsukishima"	35.664353	139.784862	1988
212	"Uchisaiwaicho"	35.66975	139.75561	1973
213	"Ueno"	35.713434	139.776725	1883
214	"Ueno-Okachimachi"	35.707893	139.774332	2000
215	"Ueno-hirokoji"	35.70766	139.772977	1930
216	"Uguisudani"	35.722066	139.777851	1912
217	"Urayasu"	35.665743	139.892937	1969
218	"Ushigome-Kagurazaka"	35.700853	139.735803	2000
219	"Ushigome-Yanagicho"	35.699517	139.725028	2000
220	"Wakamatsu-kawada"	35.699218	139.718184	2000
221	"Wakoshi"	35.788407	139.612885	1934
222	"Waseda"	35.705714	139.722139	1964
223	"Yotsuya"	35.686014	139.730667	1894
224	"Yotsuya-sanchome"	35.687958	139.720103	1959
225	"Yoyogi"	35.683828	139.70232	1906
226	"Yoyogi-Koen"	35.668944	139.691328	1972
227	"Yoyogi-uehara"	35.669051	139.67972	1927
228	"Yurakucho"	35.674877	139.763646	1910
229	"Yushima"	35.708243	139.769916	1969
230	"Zoshigaya"	35.720574	139.715139	2008
