"nodeID_from"	"nodeID_to"	"line"	"year"
118	292	"ancienneligne10"	1923
292	262	"ancienneligne10"	1923
262	84	"ancienneligne10"	1923
84	291	"ancienneligne10"	1923
291	277	"ancienneligne10"	1923
118	292	"ancienneligne14"	1923
292	262	"ancienneligne14"	1923
262	84	"ancienneligne14"	1923
84	177	"ancienneligne14"	1923
177	101	"ancienneligne14"	1923
101	195	"ancienneligne14"	1923
195	204	"ancienneligne14"	1923
204	226	"ancienneligne14"	1923
122	88	"ancienneligne8"	1913
88	169	"ancienneligne8"	1913
169	212	"ancienneligne8"	1913
212	170	"ancienneligne8"	1913
170	48	"ancienneligne8"	1913
48	172	"ancienneligne8"	1913
172	122	"ancienneligne8"	1913
122	51	"ancienneligne8"	1913
51	13	"ancienneligne8"	1913
13	132	"ancienneligne8"	1913
132	85	"ancienneligne8"	1913
85	134	"ancienneligne8"	1913
134	118	"ancienneligne8"	1913
118	66	"ancienneligne8"	1913
129	90	"ligne1"	1900
90	207	"ligne1"	1900
207	142	"ligne1"	1900
142	233	"ligne1"	1900
233	7	"ligne1"	1900
7	50	"ligne1"	1900
50	109	"ligne1"	1900
109	99	"ligne1"	1900
99	47	"ligne1"	1900
47	66	"ligne1"	1900
66	290	"ligne1"	1900
290	188	"ligne1"	1900
188	148	"ligne1"	1900
148	57	"ligne1"	1900
57	116	"ligne1"	1900
116	270	"ligne1"	1900
270	18	"ligne1"	1900
18	106	"ligne1"	1900
106	247	"ligne1"	1900
247	179	"ligne1"	1900
179	228	"ligne1"	1900
228	267	"ligne1"	1900
267	21	"ligne1"	1900
21	54	"ligne1"	1900
35	34	"ligne10"	1913
34	170	"ligne10"	1913
170	48	"ligne10"	1913
48	172	"ligne10"	1913
172	122	"ligne10"	1913
122	51	"ligne10"	1913
122	88	"ligne10"	1913
88	169	"ligne10"	1913
169	212	"ligne10"	1913
212	34	"ligne10"	1913
51	13	"ligne10"	1913
13	132	"ligne10"	1913
132	275	"ligne10"	1913
275	84	"ligne10"	1913
84	291	"ligne10"	1913
291	277	"ligne10"	1913
277	149	"ligne10"	1913
149	184	"ligne10"	1913
184	63	"ligne10"	1913
63	167	"ligne10"	1913
167	44	"ligne10"	1913
44	125	"ligne10"	1913
125	104	"ligne10"	1913
154	225	"ligne11"	1935
225	284	"ligne11"	1935
284	201	"ligne11"	1935
201	123	"ligne11"	1935
123	237	"ligne11"	1935
237	20	"ligne11"	1935
20	111	"ligne11"	1935
111	246	"ligne11"	1935
246	9	"ligne11"	1935
9	241	"ligne11"	1935
241	116	"ligne11"	1935
116	57	"ligne11"	1935
219	166	"ligne12"	1910
166	164	"ligne12"	1910
164	124	"ligne12"	1910
124	131	"ligne12"	1910
131	1	"ligne12"	1910
1	199	"ligne12"	1910
199	263	"ligne12"	1910
263	181	"ligne12"	1910
181	288	"ligne12"	1910
288	266	"ligne12"	1910
266	150	"ligne12"	1910
150	66	"ligne12"	1910
66	11	"ligne12"	1910
11	280	"ligne12"	1910
280	255	"ligne12"	1910
255	277	"ligne12"	1910
277	245	"ligne12"	1910
245	182	"ligne12"	1910
182	177	"ligne12"	1910
177	95	"ligne12"	1910
95	191	"ligne12"	1910
191	300	"ligne12"	1910
300	293	"ligne12"	1910
293	67	"ligne12"	1910
67	227	"ligne12"	1910
227	69	"ligne12"	1910
69	155	"ligne12"	1910
10	139	"ligne13"	1911
139	100	"ligne13"	1911
100	151	"ligne13"	1911
151	217	"ligne13"	1911
217	38	"ligne13"	1911
38	130	"ligne13"	1911
260	17	"ligne13"	1911
17	259	"ligne13"	1911
259	45	"ligne13"	1911
45	153	"ligne13"	1911
153	108	"ligne13"	1911
108	224	"ligne13"	1911
224	113	"ligne13"	1911
113	130	"ligne13"	1911
130	200	"ligne13"	1911
200	144	"ligne13"	1911
144	266	"ligne13"	1911
266	173	"ligne13"	1911
266	174	"ligne13"	1911
173	47	"ligne13"	1911
174	47	"ligne13"	1911
47	118	"ligne13"	1911
118	292	"ligne13"	1911
292	262	"ligne13"	1911
262	84	"ligne13"	1911
84	177	"ligne13"	1911
177	101	"ligne13"	1911
101	195	"ligne13"	1911
195	204	"ligne13"	1911
204	226	"ligne13"	1911
226	160	"ligne13"	1911
160	161	"ligne13"	1911
161	58	"ligne13"	1911
266	150	"ligne14"	1998
150	235	"ligne14"	1998
150	236	"ligne14"	1998
235	57	"ligne14"	1998
236	57	"ligne14"	1998
57	106	"ligne14"	1998
106	22	"ligne14"	1998
22	73	"ligne14"	1998
73	23	"ligne14"	1998
23	185	"ligne14"	1998
211	295	"ligne2"	1900
295	50	"ligne2"	1900
50	286	"ligne2"	1900
286	71	"ligne2"	1900
71	175	"ligne2"	1900
175	299	"ligne2"	1900
299	252	"ligne2"	1900
252	200	"ligne2"	1900
200	26	"ligne2"	1900
26	199	"ligne2"	1900
199	6	"ligne2"	1900
6	16	"ligne2"	1900
16	127	"ligne2"	1900
127	281	"ligne2"	1900
281	121	"ligne2"	1900
121	64	"ligne2"	1900
64	20	"ligne2"	1900
20	72	"ligne2"	1900
72	168	"ligne2"	1900
168	194	"ligne2"	1900
194	196	"ligne2"	1900
196	3	"ligne2"	1900
3	14	"ligne2"	1900
14	179	"ligne2"	1900
206	5	"ligne3"	1904
5	146	"ligne3"	1904
146	214	"ligne3"	1904
214	193	"ligne3"	1904
193	302	"ligne3"	1904
302	162	"ligne3"	1904
162	299	"ligne3"	1904
299	92	"ligne3"	1904
92	266	"ligne3"	1904
266	114	"ligne3"	1904
114	186	"ligne3"	1904
186	240	"ligne3"	1904
240	36	"ligne3"	1904
36	276	"ligne3"	1904
276	244	"ligne3"	1904
244	9	"ligne3"	1904
9	285	"ligne3"	1904
285	246	"ligne3"	1904
246	189	"ligne3"	1904
189	256	"ligne3"	1904
256	194	"ligne3"	1904
194	103	"ligne3"	1904
103	213	"ligne3"	1904
213	102	"ligne3"	1904
225	261	"ligne3bis"	1921
261	192	"ligne3bis"	1921
192	103	"ligne3bis"	1921
218	279	"ligne4"	1908
279	164	"ligne4"	1908
164	56	"ligne4"	1908
56	16	"ligne4"	1908
16	107	"ligne4"	1908
107	105	"ligne4"	1908
105	53	"ligne4"	1908
53	282	"ligne4"	1908
282	244	"ligne4"	1908
244	91	"ligne4"	1908
91	141	"ligne4"	1908
141	57	"ligne4"	1908
57	62	"ligne4"	1908
62	269	"ligne4"	1908
269	184	"ligne4"	1908
184	264	"ligne4"	1908
264	274	"ligne4"	1908
274	272	"ligne4"	1908
272	177	"ligne4"	1908
177	294	"ligne4"	1908
294	243	"ligne4"	1908
243	81	"ligne4"	1908
81	178	"ligne4"	1908
178	2	"ligne4"	1908
2	232	"ligne4"	1908
27	28	"ligne5"	1906
28	89	"ligne5"	1906
89	115	"ligne5"	1906
115	222	"ligne5"	1906
222	187	"ligne5"	1906
187	135	"ligne5"	1906
135	121	"ligne5"	1906
121	281	"ligne5"	1906
281	107	"ligne5"	1906
107	105	"ligne5"	1906
105	119	"ligne5"	1906
119	246	"ligne5"	1906
246	183	"ligne5"	1906
183	248	"ligne5"	1906
248	37	"ligne5"	1906
37	18	"ligne5"	1906
18	239	"ligne5"	1906
239	104	"ligne5"	1906
104	268	"ligne5"	1906
268	43	"ligne5"	1906
43	202	"ligne5"	1906
50	126	"ligne6"	1907
126	29	"ligne6"	1907
29	289	"ligne6"	1907
289	190	"ligne6"	1907
190	25	"ligne6"	1907
25	83	"ligne6"	1907
83	132	"ligne6"	1907
132	42	"ligne6"	1907
42	278	"ligne6"	1907
278	191	"ligne6"	1907
191	177	"ligne6"	1907
177	87	"ligne6"	1907
87	243	"ligne6"	1907
243	81	"ligne6"	1907
81	265	"ligne6"	1907
265	110	"ligne6"	1907
110	70	"ligne6"	1907
70	202	"ligne6"	1907
202	180	"ligne6"	1907
180	61	"ligne6"	1907
61	238	"ligne6"	1907
238	22	"ligne6"	1907
22	82	"ligne6"	1907
82	80	"ligne6"	1907
80	19	"ligne6"	1907
19	197	"ligne6"	1907
197	179	"ligne6"	1907
128	98	"ligne7"	1910
98	12	"ligne7"	1910
12	220	"ligne7"	1910
220	68	"ligne7"	1910
68	77	"ligne7"	1910
77	250	"ligne7"	1910
250	281	"ligne7"	1910
281	145	"ligne7"	1910
145	55	"ligne7"	1910
55	105	"ligne7"	1910
105	205	"ligne7"	1910
205	41	"ligne7"	1910
41	138	"ligne7"	1910
138	59	"ligne7"	1910
59	186	"ligne7"	1910
186	235	"ligne7"	1910
186	236	"ligne7"	1910
235	188	"ligne7"	1910
236	188	"ligne7"	1910
188	210	"ligne7"	1910
210	57	"ligne7"	1910
57	209	"ligne7"	1910
209	283	"ligne7"	1910
283	125	"ligne7"	1910
125	203	"ligne7"	1910
203	46	"ligne7"	1910
46	140	"ligne7"	1910
140	202	"ligne7"	1910
202	287	"ligne7"	1910
287	157	"ligne7"	1910
157	229	"ligne7"	1910
229	216	"ligne7"	1910
216	230	"ligne7"	1910
230	198	"ligne7"	1910
198	156	"ligne7"	1910
157	137	"ligne7"	1910
137	296	"ligne7"	1910
296	298	"ligne7"	1910
298	297	"ligne7"	1910
145	121	"ligne7bis"	1911
121	30	"ligne7bis"	1911
30	39	"ligne7bis"	1911
39	32	"ligne7bis"	1911
32	201	"ligne7bis"	1911
201	234	"ligne7bis"	1911
234	79	"ligne7bis"	1911
79	32	"ligne7bis"	1911
15	147	"ligne8"	1913
147	33	"ligne8"	1913
33	96	"ligne8"	1913
96	65	"ligne8"	1913
65	132	"ligne8"	1913
132	85	"ligne8"	1913
85	134	"ligne8"	1913
134	118	"ligne8"	1913
118	66	"ligne8"	1913
66	150	"ligne8"	1913
150	186	"ligne8"	1913
186	249	"ligne8"	1913
249	112	"ligne8"	1913
112	31	"ligne8"	1913
31	282	"ligne8"	1913
282	246	"ligne8"	1913
246	97	"ligne8"	1913
97	273	"ligne8"	1913
273	60	"ligne8"	1913
60	18	"ligne8"	1913
18	136	"ligne8"	1913
136	94	"ligne8"	1913
94	247	"ligne8"	1913
247	176	"ligne8"	1913
176	80	"ligne8"	1913
80	171	"ligne8"	1913
171	231	"ligne8"	1913
231	215	"ligne8"	1913
215	143	"ligne8"	1913
143	49	"ligne8"	1913
49	86	"ligne8"	1913
86	159	"ligne8"	1913
159	158	"ligne8"	1913
158	74	"ligne8"	1913
74	76	"ligne8"	1913
76	75	"ligne8"	1913
208	24	"ligne9"	1922
24	165	"ligne9"	1922
165	223	"ligne9"	1922
223	93	"ligne9"	1922
93	170	"ligne9"	1922
170	169	"ligne9"	1922
169	120	"ligne9"	1922
120	242	"ligne9"	1922
242	133	"ligne9"	1922
133	253	"ligne9"	1922
253	289	"ligne9"	1922
289	117	"ligne9"	1922
117	4	"ligne9"	1922
4	99	"ligne9"	1922
99	271	"ligne9"	1922
271	173	"ligne9"	1922
271	174	"ligne9"	1922
173	258	"ligne9"	1922
174	258	"ligne9"	1922
258	114	"ligne9"	1922
114	59	"ligne9"	1922
59	249	"ligne9"	1922
249	112	"ligne9"	1922
112	31	"ligne9"	1922
31	282	"ligne9"	1922
282	246	"ligne9"	1922
246	183	"ligne9"	1922
183	257	"ligne9"	1922
257	301	"ligne9"	1922
301	52	"ligne9"	1922
52	254	"ligne9"	1922
254	179	"ligne9"	1922
179	40	"ligne9"	1922
40	163	"ligne9"	1922
163	221	"ligne9"	1922
221	251	"ligne9"	1922
251	78	"ligne9"	1922
78	152	"ligne9"	1922
