"nodeID_from"	"nodeID_to"	"line"	"year"
133	89	"ligne1"	1960
89	115	"ligne1"	1960
115	203	"ligne1"	1960
203	26	"ligne1"	1960
26	193	"ligne1"	1960
193	157	"ligne1"	1960
157	98	"ligne1"	1960
98	18	"ligne1"	1960
18	162	"ligne1"	1960
162	37	"ligne1"	1960
37	194	"ligne1"	1960
194	120	"ligne1"	1960
120	122	"ligne1"	1960
122	43	"ligne1"	1960
43	10	"ligne1"	1960
10	86	"ligne1"	1960
86	9	"ligne1"	1960
9	50	"ligne1"	1960
50	149	"ligne1"	1960
90	185	"ligne10"	1991
185	184	"ligne10"	1991
184	13	"ligne10"	1991
13	153	"ligne10"	1991
153	198	"ligne10"	1991
198	107	"ligne10"	1991
107	223	"ligne10"	1991
223	51	"ligne10"	1991
51	53	"ligne10"	1991
53	83	"ligne10"	1991
83	202	"ligne10"	1991
202	47	"ligne10"	1991
47	82	"ligne10"	1991
82	135	"ligne10"	1991
135	142	"ligne10"	1991
142	143	"ligne10"	1991
143	163	"ligne10"	1991
163	2	"ligne10"	1991
110	138	"ligne11"	1964
138	192	"ligne11"	1964
192	222	"ligne11"	1964
222	62	"ligne11"	1964
62	53	"ligne11"	1964
53	85	"ligne11"	1964
85	196	"ligne11"	1964
196	150	"ligne11"	1964
150	120	"ligne11"	1964
120	69	"ligne11"	1964
69	101	"ligne11"	1964
101	70	"ligne11"	1964
70	207	"ligne11"	1964
207	96	"ligne11"	1964
96	125	"ligne11"	1964
125	66	"ligne11"	1964
66	217	"ligne11"	1964
217	94	"ligne11"	1964
94	27	"ligne11"	1964
27	105	"ligne11"	1964
105	15	"ligne11"	1964
15	124	"ligne11"	1964
221	17	"ligne12"	1974
17	16	"ligne12"	1974
16	35	"ligne12"	1974
35	45	"ligne12"	1974
45	84	"ligne12"	1974
84	159	"ligne12"	1974
159	64	"ligne12"	1974
64	54	"ligne12"	1974
54	38	"ligne12"	1974
38	25	"ligne12"	1974
25	20	"ligne12"	1974
20	53	"ligne12"	1974
53	51	"ligne12"	1974
51	78	"ligne12"	1974
78	107	"ligne12"	1974
107	155	"ligne12"	1974
155	228	"ligne12"	1974
228	24	"ligne12"	1974
24	182	"ligne12"	1974
182	211	"ligne12"	1974
211	208	"ligne12"	1974
208	199	"ligne12"	1974
199	175	"ligne12"	1974
161	146	"ligne13"	1978
146	8	"ligne13"	1978
8	107	"ligne13"	1978
107	31	"ligne13"	1978
31	85	"ligne13"	1978
85	60	"ligne13"	1978
60	150	"ligne13"	1978
150	99	"ligne13"	1978
99	189	"ligne13"	1978
189	76	"ligne13"	1978
76	190	"ligne13"	1978
190	72	"ligne13"	1978
72	149	"ligne13"	1978
90	185	"ligne2"	1968
185	184	"ligne2"	1968
184	98	"ligne2"	1968
98	160	"ligne2"	1968
160	147	"ligne2"	1968
147	212	"ligne2"	1968
212	36	"ligne2"	1968
36	150	"ligne2"	1968
150	60	"ligne2"	1968
60	188	"ligne2"	1968
188	67	"ligne2"	1968
67	28	"ligne2"	1968
28	158	"ligne2"	1968
158	187	"ligne2"	1968
187	130	"ligne2"	1968
130	167	"ligne2"	1968
167	58	"ligne2"	1968
58	57	"ligne2"	1968
57	103	"ligne2"	1968
103	164	"ligne2"	1968
164	165	"ligne2"	1968
165	33	"ligne2"	1968
33	134	"ligne2"	1968
134	195	"ligne2"	1968
195	174	"ligne2"	1968
174	131	"ligne2"	1968
177	180	"ligne3"	1978
180	6	"ligne3"	1978
6	51	"ligne3"	1978
51	85	"ligne3"	1978
85	60	"ligne3"	1978
60	140	"ligne3"	1978
140	59	"ligne3"	1978
59	14	"ligne3"	1978
14	29	"ligne3"	1978
29	102	"ligne3"	1978
102	71	"ligne3"	1978
71	190	"ligne3"	1978
190	127	"ligne3"	1978
127	144	"ligne3"	1978
144	41	"ligne3"	1978
41	21	"ligne3"	1978
21	52	"ligne3"	1978
52	100	"ligne3"	1978
100	181	"ligne3"	1978
181	104	"ligne3"	1978
201	178	"ligne4"	1991
178	42	"ligne4"	1991
42	220	"ligne4"	1991
220	219	"ligne4"	1991
219	218	"ligne4"	1991
218	53	"ligne4"	1991
53	67	"ligne4"	1991
67	49	"ligne4"	1991
49	214	"ligne4"	1991
214	171	"ligne4"	1991
171	86	"ligne4"	1991
86	154	"ligne4"	1991
154	102	"ligne4"	1991
102	76	"ligne4"	1991
76	101	"ligne4"	1991
101	211	"ligne4"	1991
211	61	"ligne4"	1991
61	210	"ligne4"	1991
210	183	"ligne4"	1991
183	18	"ligne4"	1991
18	3	"ligne4"	1991
3	13	"ligne4"	1991
13	152	"ligne4"	1991
152	8	"ligne4"	1991
8	81	"ligne4"	1991
81	225	"ligne4"	1991
225	177	"ligne4"	1991
177	201	"ligne4"	1991
201	129	"ligne4"	1991
129	111	"ligne4"	1991
111	40	"ligne4"	1991
40	109	"ligne4"	1991
109	139	"ligne4"	1991
139	166	"ligne4"	1991
166	117	"ligne4"	1991
117	206	"ligne4"	1991
206	118	"ligne4"	1991
118	44	"ligne4"	1991
227	226	"ligne5"	1969
226	91	"ligne5"	1969
91	146	"ligne5"	1969
146	136	"ligne5"	1969
136	4	"ligne5"	1969
4	79	"ligne5"	1969
79	68	"ligne5"	1969
68	36	"ligne5"	1969
36	121	"ligne5"	1969
121	150	"ligne5"	1969
150	170	"ligne5"	1969
170	229	"ligne5"	1969
229	119	"ligne5"	1969
119	156	"ligne5"	1969
156	126	"ligne5"	1969
126	88	"ligne5"	1969
88	74	"ligne5"	1969
74	12	"ligne5"	1969
12	73	"ligne5"	1969
221	17	"ligne6"	1983
17	16	"ligne6"	1983
16	35	"ligne6"	1983
35	45	"ligne6"	1983
45	84	"ligne6"	1983
84	159	"ligne6"	1983
159	64	"ligne6"	1983
64	54	"ligne6"	1983
54	230	"ligne6"	1983
230	132	"ligne6"	1983
132	42	"ligne6"	1983
42	180	"ligne6"	1983
180	75	"ligne6"	1983
75	91	"ligne6"	1983
91	161	"ligne6"	1983
161	146	"ligne7"	1927
146	22	"ligne7"	1927
22	8	"ligne7"	1927
8	5	"ligne7"	1927
5	198	"ligne7"	1927
198	205	"ligne7"	1927
205	162	"ligne7"	1927
162	23	"ligne7"	1927
23	87	"ligne7"	1927
87	120	"ligne7"	1927
120	99	"ligne7"	1927
99	65	"ligne7"	1927
65	186	"ligne7"	1927
186	215	"ligne7"	1927
215	213	"ligne7"	1927
213	55	"ligne7"	1927
55	200	"ligne7"	1927
200	9	"ligne7"	1927
108	19	"ligne8"	1962
19	46	"ligne8"	1962
46	152	"ligne8"	1962
152	63	"ligne8"	1962
63	68	"ligne8"	1962
68	36	"ligne8"	1962
36	23	"ligne8"	1962
23	37	"ligne8"	1962
37	209	"ligne8"	1962
209	34	"ligne8"	1962
34	69	"ligne8"	1962
69	122	"ligne8"	1962
122	77	"ligne8"	1962
77	7	"ligne8"	1962
7	116	"ligne8"	1962
116	213	"ligne8"	1962
213	56	"ligne8"	1962
56	97	"ligne8"	1962
97	95	"ligne8"	1962
95	74	"ligne8"	1962
141	93	"ligne9"	1954
93	168	"ligne9"	1954
168	39	"ligne9"	1954
39	169	"ligne9"	1954
169	113	"ligne9"	1954
48	112	"ligne9"	1954
112	114	"ligne9"	1954
114	113	"ligne9"	1954
113	128	"ligne9"	1954
128	177	"ligne9"	1954
177	180	"ligne9"	1954
180	179	"ligne9"	1954
179	224	"ligne9"	1954
224	223	"ligne9"	1954
223	5	"ligne9"	1954
5	80	"ligne9"	1954
80	68	"ligne9"	1954
68	23	"ligne9"	1954
23	204	"ligne9"	1954
204	150	"ligne9"	1954
150	11	"ligne9"	1954
11	137	"ligne9"	1954
137	49	"ligne9"	1954
49	83	"ligne9"	1954
83	106	"ligne9"	1954
106	173	"ligne9"	1954
173	54	"ligne9"	1954
