"nodeID_from"	"nodeID_to"	"line"	"year"
414	69	"line1"	1904
69	67	"line1"	1904
67	329	"line1"	1904
329	62	"line1"	1904
62	59	"line1"	1904
59	237	"line1"	1904
237	58	"line1"	1904
58	49	"line1"	1904
49	41	"line1"	1904
41	36	"line1"	1904
36	25	"line1"	1904
25	23	"line1"	1904
23	17	"line1"	1904
17	15	"line1"	1904
15	207	"line1"	1904
207	1	"line1"	1904
1	137	"line1"	1904
137	130	"line1"	1904
130	124	"line1"	1904
124	118	"line1"	1904
118	113	"line1"	1904
113	110	"line1"	1904
110	100	"line1"	1904
100	410	"line1"	1904
410	85	"line1"	1904
85	78	"line1"	1904
78	70	"line1"	1904
70	56	"line1"	1904
56	31	"line1"	1904
31	214	"line1"	1904
214	290	"line1"	1904
290	201	"line1"	1904
201	269	"line1"	1904
269	211	"line1"	1904
211	226	"line1"	1904
226	379	"line1"	1904
379	397	"line1"	1904
419	347	"line2"	1904
347	68	"line2"	1904
68	66	"line2"	1904
66	63	"line2"	1904
63	283	"line2"	1904
283	198	"line2"	1904
198	141	"line2"	1904
141	368	"line2"	1904
368	193	"line2"	1904
193	242	"line2"	1904
242	423	"line2"	1904
423	45	"line2"	1904
45	270	"line2"	1904
270	394	"line2"	1904
394	296	"line2"	1904
296	373	"line2"	1904
373	298	"line2"	1904
298	409	"line2"	1904
409	28	"line2"	1904
28	21	"line2"	1904
21	18	"line2"	1904
18	12	"line2"	1904
12	209	"line2"	1904
209	137	"line2"	1904
137	130	"line2"	1904
130	124	"line2"	1904
124	118	"line2"	1904
118	113	"line2"	1904
113	110	"line2"	1904
110	100	"line2"	1904
100	410	"line2"	1904
410	85	"line2"	1904
85	78	"line2"	1904
78	70	"line2"	1904
70	56	"line2"	1904
56	31	"line2"	1904
31	214	"line2"	1904
214	290	"line2"	1904
290	201	"line2"	1904
201	269	"line2"	1904
269	211	"line2"	1904
211	362	"line2"	1904
362	273	"line2"	1904
273	420	"line2"	1904
420	219	"line2"	1904
219	228	"line2"	1904
228	292	"line2"	1904
292	348	"line2"	1904
348	148	"line2"	1904
148	178	"line2"	1904
178	276	"line2"	1904
276	245	"line2"	1904
245	267	"line2"	1904
267	371	"line2"	1904
371	402	"line2"	1904
402	428	"line2"	1904
428	215	"line2"	1904
215	181	"line2"	1904
181	352	"line2"	1904
352	196	"line2"	1904
287	26	"line3"	1904
26	21	"line3"	1904
21	18	"line3"	1904
18	12	"line3"	1904
12	209	"line3"	1904
209	137	"line3"	1904
137	118	"line3"	1904
118	410	"line3"	1904
410	85	"line3"	1904
85	31	"line3"	1904
31	211	"line3"	1904
211	362	"line3"	1904
362	273	"line3"	1904
273	420	"line3"	1904
420	219	"line3"	1904
219	228	"line3"	1904
228	292	"line3"	1904
292	348	"line3"	1904
348	148	"line3"	1904
148	178	"line3"	1904
178	276	"line3"	1904
276	245	"line3"	1904
245	267	"line3"	1904
267	358	"line3"	1904
358	313	"line3"	1904
313	230	"line3"	1904
230	406	"line3"	1904
406	387	"line3"	1904
387	381	"line3"	1904
381	306	"line3"	1904
306	370	"line3"	1904
370	415	"line3"	1904
415	349	"line3"	1904
431	339	"line4"	1904
339	176	"line4"	1904
176	311	"line4"	1904
311	259	"line4"	1904
259	52	"line4"	1904
52	199	"line4"	1904
199	48	"line4"	1904
48	340	"line4"	1904
340	43	"line4"	1904
43	40	"line4"	1904
40	38	"line4"	1904
38	28	"line4"	1904
28	24	"line4"	1904
24	19	"line4"	1904
19	13	"line4"	1904
13	7	"line4"	1904
7	2	"line4"	1904
2	138	"line4"	1904
138	131	"line4"	1904
131	122	"line4"	1904
122	115	"line4"	1904
115	319	"line4"	1904
319	103	"line4"	1904
103	278	"line4"	1904
278	82	"line4"	1904
82	79	"line4"	1904
79	71	"line4"	1904
71	33	"line4"	1904
33	144	"line4"	1904
144	182	"line4"	1904
182	398	"line4"	1904
398	202	"line4"	1904
202	195	"line4"	1904
195	273	"line4"	1904
273	421	"line4"	1904
421	184	"line4"	1904
184	228	"line4"	1904
228	348	"line4"	1904
348	148	"line4"	1904
148	178	"line4"	1904
178	276	"line4"	1904
276	245	"line4"	1904
245	267	"line4"	1904
267	358	"line4"	1904
358	313	"line4"	1904
313	230	"line4"	1904
230	406	"line4"	1904
406	387	"line4"	1904
387	381	"line4"	1904
381	306	"line4"	1904
306	370	"line4"	1904
370	415	"line4"	1904
415	349	"line4"	1904
244	165	"line5"	1904
165	284	"line5"	1904
284	369	"line5"	1904
369	337	"line5"	1904
337	242	"line5"	1904
347	68	"line5"	1904
68	66	"line5"	1904
66	63	"line5"	1904
63	283	"line5"	1904
283	198	"line5"	1904
198	141	"line5"	1904
141	368	"line5"	1904
368	193	"line5"	1904
193	242	"line5"	1904
242	423	"line5"	1904
423	45	"line5"	1904
45	270	"line5"	1904
270	394	"line5"	1904
394	296	"line5"	1904
296	373	"line5"	1904
373	298	"line5"	1904
298	409	"line5"	1904
409	28	"line5"	1904
28	24	"line5"	1904
24	19	"line5"	1904
19	131	"line5"	1904
131	319	"line5"	1904
319	278	"line5"	1904
278	33	"line5"	1904
33	195	"line5"	1904
195	273	"line5"	1904
273	421	"line5"	1904
421	184	"line5"	1904
184	228	"line5"	1904
228	348	"line5"	1904
348	148	"line5"	1904
148	267	"line5"	1904
267	371	"line5"	1904
371	402	"line5"	1904
402	428	"line5"	1904
428	215	"line5"	1904
215	181	"line5"	1904
181	352	"line5"	1904
352	196	"line5"	1904
367	197	"line6"	1904
197	334	"line6"	1904
334	425	"line6"	1904
425	434	"line6"	1904
434	206	"line6"	1904
206	364	"line6"	1904
364	400	"line6"	1904
400	338	"line6"	1904
338	248	"line6"	1904
248	426	"line6"	1904
426	295	"line6"	1904
295	325	"line6"	1904
325	241	"line6"	1904
241	240	"line6"	1904
240	231	"line6"	1904
231	194	"line6"	1904
194	408	"line6"	1904
408	19	"line6"	1904
19	13	"line6"	1904
13	7	"line6"	1904
7	2	"line6"	1904
2	138	"line6"	1904
138	131	"line6"	1904
131	122	"line6"	1904
122	115	"line6"	1904
115	319	"line6"	1904
319	103	"line6"	1904
103	278	"line6"	1904
278	82	"line6"	1904
82	79	"line6"	1904
79	71	"line6"	1904
71	33	"line6"	1904
33	144	"line6"	1904
144	182	"line6"	1904
182	398	"line6"	1904
398	202	"line6"	1904
202	195	"line6"	1904
258	332	"line7"	1915
332	9	"line7"	1915
9	4	"line7"	1915
4	305	"line7"	1915
305	136	"line7"	1915
136	128	"line7"	1915
128	385	"line7"	1915
385	116	"line7"	1915
116	432	"line7"	1915
432	104	"line7"	1915
104	97	"line7"	1915
97	91	"line7"	1915
91	83	"line7"	1915
83	377	"line7"	1915
377	94	"line7"	1915
94	294	"line7"	1915
294	418	"line7"	1915
418	278	"line7"	1915
278	254	"line7"	1915
254	410	"line7"	1915
297	238	"linea"	1915
238	57	"linea"	1915
57	50	"linea"	1915
50	47	"linea"	1915
47	41	"linea"	1915
41	39	"linea"	1915
39	34	"linea"	1915
34	27	"linea"	1915
27	22	"linea"	1915
22	20	"linea"	1915
20	14	"linea"	1915
14	8	"linea"	1915
8	3	"linea"	1915
3	139	"linea"	1915
139	132	"linea"	1915
132	127	"linea"	1915
127	119	"linea"	1915
119	110	"linea"	1915
110	101	"linea"	1915
101	93	"linea"	1915
93	86	"linea"	1915
86	72	"linea"	1915
72	29	"linea"	1915
72	30	"linea"	1915
29	424	"linea"	1915
30	424	"linea"	1915
424	399	"linea"	1915
399	203	"linea"	1915
203	210	"linea"	1915
210	273	"linea"	1915
273	289	"linea"	1915
289	303	"linea"	1915
303	293	"linea"	1915
293	317	"linea"	1915
317	222	"linea"	1915
222	268	"linea"	1915
268	359	"linea"	1915
359	314	"linea"	1915
314	413	"linea"	1915
413	378	"linea"	1915
378	382	"linea"	1915
382	189	"linea"	1915
189	322	"linea"	1915
322	416	"linea"	1915
416	393	"linea"	1915
393	250	"linea"	1915
250	281	"linea"	1915
281	126	"linea"	1915
126	135	"linea"	1915
135	383	"linea"	1915
383	5	"linea"	1915
5	10	"linea"	1915
10	361	"linea"	1915
383	142	"linea"	1915
142	143	"linea"	1915
143	291	"linea"	1915
291	187	"linea"	1915
187	171	"linea"	1915
171	170	"linea"	1915
170	169	"linea"	1915
169	168	"linea"	1915
168	167	"linea"	1915
167	251	"linea"	1915
175	312	"lineb"	1878
312	260	"lineb"	1878
260	51	"lineb"	1878
51	411	"lineb"	1878
411	46	"lineb"	1878
46	44	"lineb"	1878
44	40	"lineb"	1878
40	38	"lineb"	1878
38	35	"lineb"	1878
35	27	"lineb"	1878
27	22	"lineb"	1878
22	20	"lineb"	1878
20	14	"lineb"	1878
14	8	"lineb"	1878
8	3	"lineb"	1878
3	139	"lineb"	1878
139	132	"lineb"	1878
132	127	"lineb"	1878
127	119	"lineb"	1878
119	110	"lineb"	1878
110	391	"lineb"	1878
391	98	"lineb"	1878
98	92	"lineb"	1878
92	84	"lineb"	1878
84	424	"lineb"	1878
424	191	"lineb"	1878
191	279	"lineb"	1878
279	234	"lineb"	1878
234	148	"lineb"	1878
148	389	"lineb"	1878
389	375	"lineb"	1878
375	216	"lineb"	1878
216	353	"lineb"	1878
353	308	"lineb"	1878
308	392	"lineb"	1878
392	186	"lineb"	1878
41	39	"linec"	1932
39	34	"linec"	1932
34	27	"linec"	1932
27	22	"linec"	1932
22	20	"linec"	1932
20	14	"linec"	1932
14	8	"linec"	1932
8	3	"linec"	1932
3	139	"linec"	1932
139	132	"linec"	1932
132	127	"linec"	1932
127	119	"linec"	1932
119	110	"linec"	1932
110	101	"linec"	1932
101	93	"linec"	1932
93	86	"linec"	1932
86	72	"linec"	1932
72	29	"linec"	1932
72	30	"linec"	1932
29	424	"linec"	1932
30	424	"linec"	1932
424	399	"linec"	1932
399	203	"linec"	1932
203	210	"linec"	1932
210	273	"linec"	1932
273	289	"linec"	1932
289	303	"linec"	1932
303	293	"linec"	1932
293	317	"linec"	1932
317	222	"linec"	1932
222	268	"linec"	1932
268	359	"linec"	1932
359	314	"linec"	1932
314	413	"linec"	1932
413	378	"linec"	1932
378	382	"linec"	1932
382	189	"linec"	1932
189	322	"linec"	1932
322	416	"linec"	1932
416	393	"linec"	1932
393	250	"linec"	1932
357	175	"lined"	1915
175	312	"lined"	1915
312	260	"lined"	1915
260	51	"lined"	1915
51	411	"lined"	1915
411	46	"lined"	1915
46	44	"lined"	1915
44	40	"lined"	1915
40	38	"lined"	1915
38	35	"lined"	1915
35	27	"lined"	1915
27	20	"lined"	1915
20	110	"lined"	1915
110	391	"lined"	1915
391	98	"lined"	1915
98	92	"lined"	1915
92	84	"lined"	1915
84	424	"lined"	1915
424	191	"lined"	1915
191	279	"lined"	1915
279	234	"lined"	1915
234	148	"lined"	1915
148	412	"lined"	1915
412	266	"lined"	1915
266	374	"lined"	1915
374	77	"lined"	1915
77	88	"lined"	1915
88	354	"lined"	1915
354	263	"lined"	1915
263	102	"lined"	1915
102	106	"lined"	1915
106	351	"lined"	1915
351	117	"lined"	1915
117	125	"lined"	1915
125	53	"lined"	1915
53	60	"lined"	1915
60	160	"lined"	1915
160	76	"lined"	1915
76	159	"lined"	1915
159	224	"lined"	1915
301	366	"linee"	1932
366	307	"linee"	1932
299	404	"linee"	1932
404	302	"linee"	1932
302	185	"linee"	1932
185	307	"linee"	1932
307	120	"linee"	1932
120	262	"linee"	1932
262	114	"linee"	1932
114	111	"linee"	1932
111	429	"linee"	1932
429	277	"linee"	1932
277	249	"linee"	1932
249	385	"linee"	1932
385	112	"linee"	1932
112	355	"linee"	1932
355	96	"linee"	1932
96	401	"linee"	1932
401	89	"linee"	1932
89	376	"linee"	1932
376	73	"linee"	1932
73	320	"linee"	1932
320	252	"linee"	1932
252	391	"linee"	1932
391	101	"linee"	1932
101	93	"linee"	1932
93	86	"linee"	1932
86	72	"linee"	1932
72	29	"linee"	1932
72	30	"linee"	1932
29	424	"linee"	1932
30	424	"linee"	1932
424	399	"linee"	1932
399	203	"linee"	1932
203	210	"linee"	1932
301	42	"linef"	1919
42	366	"linef"	1919
366	403	"linef"	1919
403	185	"linef"	1919
185	307	"linef"	1919
307	120	"linef"	1919
120	262	"linef"	1919
262	385	"linef"	1919
385	65	"linef"	1919
65	386	"linef"	1919
386	321	"linef"	1919
321	107	"linef"	1919
107	98	"linef"	1919
98	92	"linef"	1919
92	84	"linef"	1919
84	74	"linef"	1919
74	32	"linef"	1919
32	424	"linef"	1919
424	191	"linef"	1919
191	328	"linef"	1919
328	235	"linef"	1919
235	243	"linef"	1919
243	433	"linef"	1919
433	303	"linef"	1919
303	179	"linef"	1919
179	205	"linef"	1919
205	396	"linef"	1919
396	266	"linef"	1919
266	390	"linef"	1919
390	37	"linef"	1919
37	264	"linef"	1919
264	217	"linef"	1919
217	236	"linef"	1919
236	54	"linef"	1919
54	150	"linef"	1919
150	161	"linef"	1919
161	153	"linef"	1919
153	154	"linef"	1919
154	309	"linef"	1919
309	155	"linef"	1919
155	158	"linef"	1919
158	346	"linef"	1919
346	422	"linef"	1919
422	224	"linef"	1919
262	114	"lineg"	1933
114	111	"lineg"	1933
111	429	"lineg"	1933
429	277	"lineg"	1933
277	249	"lineg"	1933
249	385	"lineg"	1933
385	112	"lineg"	1933
112	355	"lineg"	1933
355	96	"lineg"	1933
96	401	"lineg"	1933
401	89	"lineg"	1933
89	376	"lineg"	1933
376	324	"lineg"	1933
324	64	"lineg"	1933
64	282	"lineg"	1933
282	344	"lineg"	1933
344	331	"lineg"	1933
331	190	"lineg"	1933
190	256	"lineg"	1933
256	342	"lineg"	1933
342	177	"lineg"	1933
177	220	"lineg"	1933
220	223	"lineg"	1933
223	272	"lineg"	1933
272	293	"lineg"	1933
293	179	"lineg"	1933
179	205	"lineg"	1933
205	396	"lineg"	1933
396	266	"lineg"	1933
266	390	"lineg"	1933
390	37	"lineg"	1933
37	264	"lineg"	1933
264	217	"lineg"	1933
300	404	"linej"	1885
404	16	"linej"	1885
16	11	"linej"	1885
11	6	"linej"	1885
6	430	"linej"	1885
430	129	"linej"	1885
129	121	"linej"	1885
121	232	"linej"	1885
232	229	"linej"	1885
229	356	"linej"	1885
356	221	"linej"	1885
221	417	"linej"	1885
417	140	"linej"	1885
140	189	"linej"	1885
189	213	"linej"	1885
213	285	"linej"	1885
285	274	"linej"	1885
274	316	"linej"	1885
316	341	"linej"	1885
341	257	"linej"	1885
257	326	"linej"	1885
326	288	"linej"	1885
288	330	"linej"	1885
330	235	"linej"	1885
235	183	"linej"	1885
183	202	"linej"	1885
202	212	"linej"	1885
212	273	"linej"	1885
273	188	"linej"	1885
29	395	"linel"	1906
30	395	"linel"	1906
395	33	"linel"	1906
33	407	"linel"	1906
407	255	"linel"	1906
255	174	"linel"	1906
174	327	"linel"	1906
327	275	"linel"	1906
275	280	"linel"	1906
280	335	"linel"	1906
335	336	"linel"	1906
336	304	"linel"	1906
304	233	"linel"	1906
233	343	"linel"	1906
343	286	"linel"	1906
286	427	"linel"	1906
427	200	"linel"	1906
200	189	"linel"	1906
189	147	"linel"	1906
147	405	"linel"	1906
405	323	"linel"	1906
323	350	"linel"	1906
350	239	"linel"	1906
239	204	"linel"	1906
333	271	"linem"	1888
271	261	"linem"	1888
261	388	"linem"	1888
388	343	"linem"	1888
343	315	"linem"	1888
315	208	"linem"	1888
208	341	"linem"	1888
341	257	"linem"	1888
257	326	"linem"	1888
326	288	"linem"	1888
288	330	"linem"	1888
330	235	"linem"	1888
235	183	"linem"	1888
183	202	"linem"	1888
202	212	"linem"	1888
212	273	"linem"	1888
273	188	"linem"	1888
188	228	"linem"	1888
228	318	"linem"	1888
318	234	"linem"	1888
234	148	"linem"	1888
148	412	"linem"	1888
412	266	"linem"	1888
266	374	"linem"	1888
374	77	"linem"	1888
77	88	"linem"	1888
88	354	"linem"	1888
354	263	"linem"	1888
263	102	"linem"	1888
102	106	"linem"	1888
106	351	"linem"	1888
351	117	"linem"	1888
117	125	"linem"	1888
125	53	"linem"	1888
53	60	"linem"	1888
60	160	"linem"	1888
146	145	"linen"	1915
145	81	"linen"	1915
81	192	"linen"	1915
192	87	"linen"	1915
87	90	"linen"	1915
90	377	"linen"	1915
377	319	"linen"	1915
319	253	"linen"	1915
253	108	"linen"	1915
108	99	"linen"	1915
99	410	"linen"	1915
410	84	"linen"	1915
84	80	"linen"	1915
80	75	"linen"	1915
75	33	"linen"	1915
33	247	"linen"	1915
247	372	"linen"	1915
372	202	"linen"	1915
202	218	"linen"	1915
218	227	"linen"	1915
227	380	"linen"	1915
380	397	"linen"	1915
397	228	"linen"	1915
228	318	"linen"	1915
318	234	"linen"	1915
234	148	"linen"	1915
148	412	"linen"	1915
412	266	"linen"	1915
266	374	"linen"	1915
374	77	"linen"	1915
77	88	"linen"	1915
88	95	"linen"	1915
95	105	"linen"	1915
105	109	"linen"	1915
109	246	"linen"	1915
246	265	"linen"	1915
265	351	"linen"	1915
351	55	"linen"	1915
55	61	"linen"	1915
61	162	"linen"	1915
162	310	"linen"	1915
310	156	"linen"	1915
156	133	"linen"	1915
133	224	"linen"	1915
108	410	"lineq"	1878
410	84	"lineq"	1878
84	33	"lineq"	1878
33	202	"lineq"	1878
202	234	"lineq"	1878
234	148	"lineq"	1878
148	389	"lineq"	1878
389	375	"lineq"	1878
375	365	"lineq"	1878
365	216	"lineq"	1878
216	180	"lineq"	1878
180	225	"lineq"	1878
225	353	"lineq"	1878
353	149	"lineq"	1878
149	151	"lineq"	1878
151	152	"lineq"	1878
152	308	"lineq"	1878
308	157	"lineq"	1878
157	345	"lineq"	1878
345	392	"lineq"	1878
392	186	"lineq"	1878
186	360	"lineq"	1878
360	422	"lineq"	1878
422	224	"lineq"	1878
262	114	"liner"	1915
114	111	"liner"	1915
111	429	"liner"	1915
429	277	"liner"	1915
277	249	"liner"	1915
249	385	"liner"	1915
385	112	"liner"	1915
112	355	"liner"	1915
355	96	"liner"	1915
96	401	"liner"	1915
401	89	"liner"	1915
89	376	"liner"	1915
376	319	"liner"	1915
319	253	"liner"	1915
253	108	"liner"	1915
108	99	"liner"	1915
99	410	"liner"	1915
410	84	"liner"	1915
84	80	"liner"	1915
80	75	"liner"	1915
75	33	"liner"	1915
33	247	"liner"	1915
247	372	"liner"	1915
372	202	"liner"	1915
202	218	"liner"	1915
218	227	"liner"	1915
227	380	"liner"	1915
380	397	"liner"	1915
397	228	"liner"	1915
228	318	"liner"	1915
318	234	"liner"	1915
234	148	"liner"	1915
148	412	"liner"	1915
412	266	"liner"	1915
266	374	"liner"	1915
374	77	"liner"	1915
77	88	"liner"	1915
88	95	"liner"	1915
95	105	"liner"	1915
105	109	"liner"	1915
109	163	"liner"	1915
163	123	"liner"	1915
123	134	"liner"	1915
134	164	"liner"	1915
410	278	"lines"	1904
268	363	"lines1"	1878
363	267	"lines1"	1878
267	375	"lines1"	1878
187	172	"lines2"	1956
172	173	"lines2"	1956
173	166	"lines2"	1956
166	384	"lines2"	1956
262	114	"linev"	1933
114	111	"linev"	1933
111	429	"linev"	1933
429	277	"linev"	1933
277	249	"linev"	1933
249	385	"linev"	1933
385	112	"linev"	1933
112	355	"linev"	1933
355	96	"linev"	1933
96	401	"linev"	1933
401	89	"linev"	1933
89	376	"linev"	1933
376	73	"linev"	1933
73	320	"linev"	1933
320	252	"linev"	1933
252	98	"linev"	1933
98	92	"linev"	1933
92	84	"linev"	1933
84	74	"linev"	1933
74	32	"linev"	1933
32	424	"linev"	1933
424	191	"linev"	1933
191	328	"linev"	1933
146	145	"linew"	1917
145	81	"linew"	1917
81	192	"linew"	1917
192	87	"linew"	1917
87	90	"linew"	1917
90	377	"linew"	1917
377	319	"linew"	1917
319	253	"linew"	1917
253	108	"linew"	1917
108	99	"linew"	1917
99	410	"linew"	1917
410	84	"linew"	1917
84	80	"linew"	1917
80	75	"linew"	1917
75	33	"linew"	1917
33	247	"linew"	1917
247	372	"linew"	1917
372	202	"linew"	1917
202	218	"linew"	1917
218	227	"linew"	1917
227	380	"linew"	1917
380	397	"linew"	1917
299	404	"linez"	1885
404	16	"linez"	1885
16	11	"linez"	1885
11	6	"linez"	1885
6	430	"linez"	1885
430	129	"linez"	1885
129	121	"linez"	1885
121	232	"linez"	1885
232	229	"linez"	1885
229	356	"linez"	1885
356	221	"linez"	1885
221	417	"linez"	1885
417	140	"linez"	1885
140	189	"linez"	1885
189	213	"linez"	1885
213	285	"linez"	1885
285	274	"linez"	1885
274	316	"linez"	1885
316	341	"linez"	1885
341	257	"linez"	1885
257	326	"linez"	1885
326	288	"linez"	1885
288	330	"linez"	1885
330	235	"linez"	1885
235	183	"linez"	1885
183	202	"linez"	1885
202	212	"linez"	1885
212	273	"linez"	1885
273	188	"linez"	1885
